1		6		user		gyrotonics and delaware		0.11,1.0,0.24,1.0,0.151,1.0,0.026,1.0,0.24,1.0,0.132,1.0,0.079,1.0,0.09,1.0,0.09,1.0,0.344,1.0,0.294,0.107,0.404,1.0,0.269,1.0,0.201,1.0,0.201,1.0,0.201,1.0,0.0,1.0,0.452,0.298,0.452,0.298,0.293,0.298,0.452,0.298,0.452,1.0,0.452,0.298,0.452,0.298,0.344,0.298,0.344,0.298,0.344,0.298,0.081,0.298,0.138,0.298,0.122,0.279,0.062,0.279,0.172,0.373,0.172,0.373,0.122,0.373,0.009,1.0,0.124,1.0,0.452,1.0,0.46,1.0,0.147,0.188,0.259,0.0,0.259,1.0,0.097,1.0,0.028,1.0,0.133,1.0,0.0,1.0,0.147,1.0,0.259,1.0,0.147,1.0,0.097,1.0,0.281,1.0
3		6		user		gyrotonics and delaware		0.11,1.0,0.24,1.0,0.151,1.0,0.026,1.0,0.24,1.0,0.132,1.0,0.079,1.0,0.09,1.0,0.09,1.0,0.344,1.0,0.294,0.107,0.404,1.0,0.269,1.0,0.201,1.0,0.201,1.0,0.201,1.0,0.0,1.0,0.452,0.298,0.452,0.298,0.293,0.298,0.452,0.298,0.452,1.0,0.452,0.298,0.452,0.298,0.344,0.298,0.344,0.298,0.344,0.298,0.081,0.298,0.138,0.298,0.122,0.279,0.062,0.279,0.172,0.373,0.172,0.373,0.122,0.373,0.009,1.0,0.124,1.0,0.452,1.0,0.46,1.0,0.147,0.188,0.259,0.0,0.259,1.0,0.097,1.0,0.028,1.0,0.133,1.0,0.0,1.0,0.147,1.0,0.259,1.0,0.147,1.0,0.097,1.0,0.281,1.0
5		6		user		gyrotonics and delaware		0.11,1.0,0.24,1.0,0.151,1.0,0.026,1.0,0.24,1.0,0.132,1.0,0.079,1.0,0.09,1.0,0.09,1.0,0.344,1.0,0.294,0.107,0.404,1.0,0.269,1.0,0.201,1.0,0.201,1.0,0.201,1.0,0.0,1.0,0.452,0.298,0.452,0.298,0.293,0.298,0.452,0.298,0.452,1.0,0.452,0.298,0.452,0.298,0.344,0.298,0.344,0.298,0.344,0.298,0.081,0.298,0.138,0.298,0.122,0.279,0.062,0.279,0.172,0.373,0.172,0.373,0.122,0.373,0.009,1.0,0.124,1.0,0.452,1.0,0.46,1.0,0.147,0.188,0.259,0.0,0.259,1.0,0.097,1.0,0.028,1.0,0.133,1.0,0.0,1.0,0.147,1.0,0.259,1.0,0.147,1.0,0.097,1.0,0.281,1.0
7		6		user		gyrotonics and delaware		0.11,1.0,0.24,1.0,0.151,1.0,0.026,1.0,0.24,1.0,0.132,1.0,0.079,1.0,0.09,1.0,0.09,1.0,0.344,1.0,0.294,0.107,0.404,1.0,0.269,1.0,0.201,1.0,0.201,1.0,0.201,1.0,0.0,1.0,0.452,0.298,0.452,0.298,0.293,0.298,0.452,0.298,0.452,1.0,0.452,0.298,0.452,0.298,0.344,0.298,0.344,0.298,0.344,0.298,0.081,0.298,0.138,0.298,0.122,0.279,0.062,0.279,0.172,0.373,0.172,0.373,0.122,0.373,0.009,1.0,0.124,1.0,0.452,1.0,0.46,1.0,0.147,0.188,0.259,0.0,0.259,1.0,0.097,1.0,0.028,1.0,0.133,1.0,0.0,1.0,0.147,1.0,0.259,1.0,0.147,1.0,0.097,1.0,0.281,1.0
9		6		user		gyrotonics and delaware		0.11,1.0,0.24,1.0,0.151,1.0,0.026,1.0,0.24,1.0,0.132,1.0,0.079,1.0,0.09,1.0,0.09,1.0,0.344,1.0,0.294,0.107,0.404,1.0,0.269,1.0,0.201,1.0,0.201,1.0,0.201,1.0,0.0,1.0,0.452,0.298,0.452,0.298,0.293,0.298,0.452,0.298,0.452,1.0,0.452,0.298,0.452,0.298,0.344,0.298,0.344,0.298,0.344,0.298,0.081,0.298,0.138,0.298,0.122,0.279,0.062,0.279,0.172,0.373,0.172,0.373,0.122,0.373,0.009,1.0,0.124,1.0,0.452,1.0,0.46,1.0,0.147,0.188,0.259,0.0,0.259,1.0,0.097,1.0,0.028,1.0,0.133,1.0,0.0,1.0,0.147,1.0,0.259,1.0,0.147,1.0,0.097,1.0,0.281,1.0
23		6		user		gynecologists and delaware		0.11,1.0,0.24,1.0,0.151,1.0,0.026,1.0,0.24,1.0,0.132,1.0,0.079,1.0,0.09,1.0,0.09,1.0,0.344,1.0,0.294,0.107,0.404,1.0,0.269,1.0,0.201,1.0,0.201,1.0,0.201,1.0,0.0,1.0,0.452,0.298,0.452,0.298,0.293,0.298,0.452,0.298,0.452,1.0,0.452,0.298,0.452,0.298,0.344,0.298,0.344,0.298,0.344,0.298,0.081,0.298,0.138,0.298,0.122,0.279,0.062,0.279,0.172,0.373,0.172,0.373,0.122,0.373,0.009,1.0,0.124,1.0,0.452,1.0,0.46,1.0,0.147,0.188,0.259,0.0,0.259,1.0,0.097,1.0,0.028,1.0,0.133,1.0,0.0,1.0,0.147,1.0,0.259,1.0,0.147,1.0,0.097,1.0,0.281,1.0
25		6		user		gynecologists and delaware		0.11,1.0,0.24,1.0,0.151,1.0,0.026,1.0,0.24,1.0,0.132,1.0,0.079,1.0,0.09,1.0,0.09,1.0,0.344,1.0,0.294,0.107,0.404,1.0,0.269,1.0,0.201,1.0,0.201,1.0,0.201,1.0,0.0,1.0,0.452,0.298,0.452,0.298,0.293,0.298,0.452,0.298,0.452,1.0,0.452,0.298,0.452,0.298,0.344,0.298,0.344,0.298,0.344,0.298,0.081,0.298,0.138,0.298,0.122,0.279,0.062,0.279,0.172,0.373,0.172,0.373,0.122,0.373,0.009,1.0,0.124,1.0,0.452,1.0,0.46,1.0,0.147,0.188,0.259,0.0,0.259,1.0,0.097,1.0,0.028,1.0,0.133,1.0,0.0,1.0,0.147,1.0,0.259,1.0,0.147,1.0,0.097,1.0,0.281,1.0
27		6		user		gynecologists and delaware		0.11,1.0,0.24,1.0,0.151,1.0,0.026,1.0,0.24,1.0,0.132,1.0,0.079,1.0,0.09,1.0,0.09,1.0,0.344,1.0,0.294,0.107,0.404,1.0,0.269,1.0,0.201,1.0,0.201,1.0,0.201,1.0,0.0,1.0,0.452,0.298,0.452,0.298,0.293,0.298,0.452,0.298,0.452,1.0,0.452,0.298,0.452,0.298,0.344,0.298,0.344,0.298,0.344,0.298,0.081,0.298,0.138,0.298,0.122,0.279,0.062,0.279,0.172,0.373,0.172,0.373,0.122,0.373,0.009,1.0,0.124,1.0,0.452,1.0,0.46,1.0,0.147,0.188,0.259,0.0,0.259,1.0,0.097,1.0,0.028,1.0,0.133,1.0,0.0,1.0,0.147,1.0,0.259,1.0,0.147,1.0,0.097,1.0,0.281,1.0
29		6		user		gynecologists and delaware		0.11,1.0,0.24,1.0,0.151,1.0,0.026,1.0,0.24,1.0,0.132,1.0,0.079,1.0,0.09,1.0,0.09,1.0,0.344,1.0,0.294,0.107,0.404,1.0,0.269,1.0,0.201,1.0,0.201,1.0,0.201,1.0,0.0,1.0,0.452,0.298,0.452,0.298,0.293,0.298,0.452,0.298,0.452,1.0,0.452,0.298,0.452,0.298,0.344,0.298,0.344,0.298,0.344,0.298,0.081,0.298,0.138,0.298,0.122,0.279,0.062,0.279,0.172,0.373,0.172,0.373,0.122,0.373,0.009,1.0,0.124,1.0,0.452,1.0,0.46,1.0,0.147,0.188,0.259,0.0,0.259,1.0,0.097,1.0,0.028,1.0,0.133,1.0,0.0,1.0,0.147,1.0,0.259,1.0,0.147,1.0,0.097,1.0,0.281,1.0
98		6		tmn		Mattiss resignation creates new between g.o.p.		0.076,0.281,0.204,0.281,0.135,0.281,0.107,0.281,0.204,0.281,0.113,0.281,0.082,0.281,0.186,0.281,0.186,0.281,0.121,0.281,0.319,0.018,0.338,0.281,0.319,0.281,0.122,0.281,0.122,0.281,0.0,0.39,0.0,0.39,0.39,1.0,0.39,1.0,0.197,1.0,0.39,1.0,0.39,0.281,0.39,0.241,0.39,0.241,0.121,0.241,0.121,0.241,0.121,0.241,0.071,0.241,0.0,0.241,0.04,0.214,0.04,0.214,0.145,0.241,0.145,0.241,0.04,0.241,0.087,0.281,0.0,0.281,0.39,0.281,0.107,0.281,0.168,0.112,0.168,0.034,0.168,0.281,0.168,0.281,0.064,0.281,0.043,0.281,0.0,0.281,0.179,0.281,0.168,0.281,0.168,0.281,0.168,0.281,1.0,0.281
0		7		tmn		iceland andorra gibraltar isle man		1.0,0.11,0.231,0.11,0.43,0.11,0.43,0.11,0.43,0.11,0.015,0.11,0.487,0.11,0.259,0.11,0.487,0.11,0.166,0.11,0.207,0.0,0.164,0.11,0.164,0.11,0.214,0.11,0.214,0.11,0.214,0.11,0.0,0.11,0.108,0.021,0.108,0.021,0.021,0.021,0.108,0.021,0.186,0.11,0.178,0.021,0.186,0.021,0.166,0.021,0.166,0.021,0.166,0.021,0.116,0.021,0.171,0.021,0.168,0.051,0.092,0.051,0.14,0.311,0.168,0.311,0.168,0.311,0.098,0.422,0.018,0.422,0.108,0.422,0.183,0.422,0.077,0.034,0.183,0.149,0.183,0.11,0.077,0.11,0.101,0.11,0.403,0.11,0.0,0.11,0.077,0.11,0.183,0.11,0.041,0.11,0.077,0.11,0.076,0.206
2		7		tmn		woowa bros south 320m 2.6b reuters		0.231,0.24,1.0,0.24,1.0,0.24,1.0,0.24,1.0,0.24,0.065,0.0,0.112,0.0,0.054,0.0,0.112,0.0,0.224,0.0,0.101,0.0,0.146,0.24,0.146,0.24,0.156,0.24,0.156,0.24,0.156,0.104,0.0,0.104,0.104,0.07,0.104,0.07,0.104,0.07,0.104,0.07,0.232,0.0,0.154,0.0,0.232,0.0,0.064,0.0,0.224,0.0,0.0,0.0,0.059,0.0,0.08,0.0,0.111,0.043,0.111,0.043,0.111,0.185,0.04,0.185,0.0,0.185,0.144,0.145,0.055,0.145,0.104,0.145,0.249,0.145,0.266,0.089,0.249,0.009,0.249,0.031,0.266,0.031,0.158,0.031,0.096,0.031,0.0,0.031,0.266,0.031,0.249,0.031,0.134,0.031,0.266,0.077,0.204,0.106
4		7		tmn		woowa bros korea 320m smith reuters		0.43,0.151,1.0,0.151,1.0,0.151,1.0,0.151,1.0,0.151,0.3,0.0,0.417,0.0,0.179,0.0,0.417,0.0,0.437,0.0,0.268,0.0,0.268,0.151,0.268,0.151,0.156,0.151,0.156,0.151,0.156,0.151,0.0,0.151,0.188,0.076,0.188,0.076,0.129,0.076,0.151,0.076,0.465,0.064,0.173,0.064,0.465,0.064,0.069,0.064,0.437,0.064,0.0,0.064,0.091,0.064,0.184,0.064,0.111,0.054,0.111,0.054,0.111,0.185,0.033,0.185,0.004,0.185,0.344,0.412,0.188,0.412,0.188,0.412,0.686,0.412,0.686,0.527,0.609,0.009,0.609,0.013,0.609,0.013,0.263,0.013,0.102,0.013,0.0,0.013,0.686,0.013,0.686,0.013,0.686,0.013,0.609,0.356,0.135,0.163
6		7		tmn		bros korea 320m 2.6b reuters 		0.43,0.026,1.0,0.026,1.0,0.026,1.0,0.026,1.0,0.026,0.065,0.0,0.417,0.0,0.179,0.0,0.417,0.0,0.224,0.0,0.101,0.0,0.118,0.026,0.118,0.026,0.156,0.026,0.156,0.026,0.156,0.151,0.0,0.151,0.151,0.076,0.151,0.076,0.129,0.076,0.151,0.076,0.232,0.064,0.173,0.064,0.232,0.064,0.064,0.064,0.224,0.064,0.0,0.064,0.046,0.064,0.162,0.064,0.111,0.054,0.111,0.054,0.111,0.185,0.033,0.185,0.004,0.185,0.144,0.412,0.055,0.412,0.151,0.412,0.134,0.412,0.266,0.089,0.188,0.009,0.188,0.013,0.266,0.013,0.158,0.013,0.096,0.013,0.0,0.013,0.266,0.013,0.134,0.013,0.134,0.013,0.266,0.077,0.107,0.163
8		7		tmn		woowa south korea 320m 2.6b 		0.43,0.24,1.0,0.24,1.0,0.24,1.0,0.24,1.0,0.24,0.026,0.0,0.417,0.0,0.179,0.0,0.417,0.0,0.041,0.0,0.101,0.0,0.146,0.24,0.146,0.24,0.0,0.24,0.0,0.24,0.0,0.151,0.0,0.151,0.151,0.076,0.151,0.076,0.129,0.076,0.151,0.076,0.151,0.064,0.173,0.064,0.173,0.064,0.041,0.064,0.0,0.064,0.0,0.064,0.059,0.064,0.162,0.064,0.008,0.054,0.008,0.054,0.04,0.064,0.04,0.064,0.004,0.064,0.0,0.412,0.055,0.412,0.151,0.412,0.249,0.412,0.266,0.077,0.249,0.009,0.249,0.031,0.266,0.031,0.0,0.031,0.046,0.031,0.0,0.031,0.266,0.031,0.249,0.031,0.012,0.031,0.266,0.002,0.204,0.163
12		7		tmn		Delivery hero germany lieferheld dutch takeaway.com		0.487,0.079,0.112,0.079,0.417,0.079,0.417,0.079,0.417,0.079,0.065,0.079,1.0,0.079,1.0,0.079,1.0,0.079,0.134,0.079,0.142,0.0,0.142,0.079,0.003,0.079,0.248,0.079,0.248,0.079,0.179,0.147,0.0,0.147,0.147,0.082,0.147,0.082,0.083,0.082,0.147,0.082,0.172,0.079,0.235,0.017,0.235,0.017,0.134,0.017,0.134,0.017,0.134,0.017,0.141,0.017,0.379,0.017,0.374,0.054,0.143,0.054,0.059,0.213,0.374,0.213,0.374,0.213,0.096,0.412,0.0,0.412,0.147,0.412,0.062,0.412,0.115,0.026,0.115,0.037,0.115,0.079,0.062,0.079,0.062,0.079,0.194,0.079,0.0,0.079,0.115,0.079,0.062,0.079,0.062,0.079,0.062,0.182,0.082,0.124
14		7		tmn		delivery  lieferheld pizza.de dutch techcrunch		0.259,0.09,0.054,0.09,0.179,0.09,0.179,0.09,0.179,0.09,0.338,0.09,1.0,0.09,1.0,0.09,1.0,0.09,0.115,0.09,0.086,0.112,0.069,0.09,0.019,0.09,0.054,0.09,0.054,0.09,0.054,0.221,0.0,0.221,0.337,0.192,0.337,0.192,0.337,0.192,0.147,0.192,0.147,0.192,0.147,0.192,0.147,0.192,0.115,0.192,0.115,0.192,0.115,0.192,0.052,0.192,0.328,0.192,0.073,0.116,0.042,0.116,0.042,0.192,0.073,0.192,0.073,0.192,0.154,0.142,0.217,0.142,0.337,0.142,0.059,0.142,0.177,0.046,0.046,0.062,0.009,0.09,0.177,0.09,0.024,0.09,0.057,0.09,0.0,0.09,0.47,0.09,0.059,0.09,0.059,0.09,0.177,0.392,0.186,0.142
16		7		tmn		delivery germany lieferheld pizza.de dutch takeaway.com		0.487,0.09,0.112,0.09,0.417,0.09,0.417,0.09,0.417,0.09,0.211,0.09,1.0,0.09,1.0,0.09,1.0,0.09,0.108,0.09,0.086,0.112,0.069,0.09,0.003,0.09,0.03,0.09,0.03,0.09,0.03,0.221,0.0,0.221,0.147,0.192,0.147,0.192,0.12,0.192,0.147,0.192,0.147,0.192,0.235,0.192,0.235,0.192,0.108,0.192,0.048,0.192,0.048,0.192,0.141,0.192,0.328,0.192,0.011,0.116,0.003,0.116,0.059,0.192,0.059,0.192,0.011,0.192,0.01,0.412,0.004,0.412,0.147,0.412,0.006,0.412,0.043,0.0,0.0,0.062,0.0,0.09,0.043,0.09,0.0,0.09,0.05,0.09,0.0,0.09,0.054,0.09,0.0,0.09,0.0,0.09,0.043,0.26,0.186,0.142
30		7		tmn		hair choirmaster my 		0.214,0.201,0.156,0.201,0.156,0.201,0.156,0.201,0.0,0.201,0.026,0.201,0.179,0.201,0.054,0.201,0.03,0.201,0.298,0.201,0.545,0.166,0.263,0.201,0.084,0.201,1.0,0.201,1.0,0.201,1.0,0.467,0.0,0.467,0.082,0.043,0.082,0.043,0.159,0.043,0.143,0.043,0.241,0.201,0.215,0.17,0.241,0.17,0.298,0.17,0.298,0.17,0.298,0.17,0.0,0.17,0.241,0.17,0.308,0.166,0.308,0.166,0.308,0.63,0.154,0.63,0.154,0.63,0.225,0.201,0.0,0.201,0.082,0.201,0.109,0.201,0.115,0.089,0.115,0.026,0.115,0.467,0.109,0.467,0.165,0.467,0.336,0.467,0.0,0.467,0.115,0.467,0.109,0.467,0.109,0.467,0.109,0.201,0.0,0.441
32		7		tmn		7-eleven		0.0,0.0,0.0,0.0,0.0,0.0,0.0,0.0,0.0,0.0,0.0,0.0,0.0,0.0,0.0,0.0,0.0,0.0,0.0,0.0,0.0,0.0,0.0,0.0,0.0,0.0,0.0,0.0,0.0,0.0,0.0,0.0,1.0,0.0,0.0,0.0,0.0,0.0,0.0,0.0,0.0,0.0,0.0,0.0,0.0,0.0,0.0,0.0,0.0,0.0,0.0,0.0,0.0,0.0,0.0,0.0,0.0,0.0,0.0,0.0,0.0,0.0,0.0,0.0,0.0,0.0,0.0,0.0,0.0,0.0,0.0,0.0,0.0,0.0,0.0,0.0,0.0,0.0,0.0,0.0,0.0,0.0,0.0,0.0,0.0,0.0,0.0,0.0,0.0,0.0,0.0,0.0,0.0,0.0,0.0,0.0,0.0,0.0,0.0,0.0
69		7		user		facet joint specialists and australia		0.422,1.0,0.145,1.0,0.412,1.0,0.412,1.0,0.412,1.0,0.114,1.0,0.412,1.0,0.142,1.0,0.412,1.0,0.344,1.0,0.294,0.231,0.404,1.0,0.116,1.0,0.201,1.0,0.201,1.0,0.201,1.0,0.0,1.0,0.452,0.298,0.452,0.298,0.293,0.298,0.452,0.298,0.452,1.0,0.452,0.298,0.452,0.298,0.344,0.298,0.344,0.298,0.344,0.298,0.192,0.298,0.15,0.298,0.237,1.0,0.113,1.0,0.172,1.0,0.237,1.0,0.237,1.0,0.009,1.0,0.006,1.0,0.452,1.0,0.061,1.0,0.102,0.032,0.102,0.068,0.102,1.0,0.102,1.0,0.007,1.0,0.133,1.0,0.0,1.0,0.102,1.0,0.102,1.0,0.102,1.0,0.102,1.0,0.281,1.0
71		7		user		facet joint specialists and australia		0.422,1.0,0.145,1.0,0.412,1.0,0.412,1.0,0.412,1.0,0.114,1.0,0.412,1.0,0.142,1.0,0.412,1.0,0.344,1.0,0.294,0.231,0.404,1.0,0.116,1.0,0.201,1.0,0.201,1.0,0.201,1.0,0.0,1.0,0.452,0.298,0.452,0.298,0.293,0.298,0.452,0.298,0.452,1.0,0.452,0.298,0.452,0.298,0.344,0.298,0.344,0.298,0.344,0.298,0.192,0.298,0.15,0.298,0.237,1.0,0.113,1.0,0.172,1.0,0.237,1.0,0.237,1.0,0.009,1.0,0.006,1.0,0.452,1.0,0.061,1.0,0.102,0.032,0.102,0.068,0.102,1.0,0.102,1.0,0.007,1.0,0.133,1.0,0.0,1.0,0.102,1.0,0.102,1.0,0.102,1.0,0.102,1.0,0.281,1.0
73		7		user		facet joint specialists and australia		0.422,1.0,0.145,1.0,0.412,1.0,0.412,1.0,0.412,1.0,0.114,1.0,0.412,1.0,0.142,1.0,0.412,1.0,0.344,1.0,0.294,0.231,0.404,1.0,0.116,1.0,0.201,1.0,0.201,1.0,0.201,1.0,0.0,1.0,0.452,0.298,0.452,0.298,0.293,0.298,0.452,0.298,0.452,1.0,0.452,0.298,0.452,0.298,0.344,0.298,0.344,0.298,0.344,0.298,0.192,0.298,0.15,0.298,0.237,1.0,0.113,1.0,0.172,1.0,0.237,1.0,0.237,1.0,0.009,1.0,0.006,1.0,0.452,1.0,0.061,1.0,0.102,0.032,0.102,0.068,0.102,1.0,0.102,1.0,0.007,1.0,0.133,1.0,0.0,1.0,0.102,1.0,0.102,1.0,0.102,1.0,0.102,1.0,0.281,1.0
75		7		user		facet joint specialists and australia		0.422,1.0,0.145,1.0,0.412,1.0,0.412,1.0,0.412,1.0,0.114,1.0,0.412,1.0,0.142,1.0,0.412,1.0,0.344,1.0,0.294,0.231,0.404,1.0,0.116,1.0,0.201,1.0,0.201,1.0,0.201,1.0,0.0,1.0,0.452,0.298,0.452,0.298,0.293,0.298,0.452,0.298,0.452,1.0,0.452,0.298,0.452,0.298,0.344,0.298,0.344,0.298,0.344,0.298,0.192,0.298,0.15,0.298,0.237,1.0,0.113,1.0,0.172,1.0,0.237,1.0,0.237,1.0,0.009,1.0,0.006,1.0,0.452,1.0,0.061,1.0,0.102,0.032,0.102,0.068,0.102,1.0,0.102,1.0,0.007,1.0,0.133,1.0,0.0,1.0,0.102,1.0,0.102,1.0,0.102,1.0,0.102,1.0,0.281,1.0
88		7		tmn		Tito Ortiz		0.0,0.0,0.0,0.0,0.0,0.0,0.0,0.0,0.0,0.0,0.0,0.0,0.0,0.0,0.0,0.0,0.0,0.0,0.0,0.0,0.0,0.0,0.0,0.0,0.0,0.0,0.0,0.0,0.0,0.0,0.0,0.0,0.0,0.0,0.0,0.0,0.0,0.0,0.0,0.0,0.0,0.0,0.0,0.0,0.0,0.0,0.0,0.0,0.0,0.0,0.0,0.0,0.0,0.0,0.0,0.0,0.0,0.0,0.0,0.0,0.0,0.0,0.0,0.0,0.0,0.0,0.0,0.0,0.0,0.0,0.0,0.0,0.0,0.0,0.0,0.0,0.0,0.0,0.0,0.0,0.0,0.0,0.0,0.0,0.0,0.0,0.0,0.0,1.0,0.0,0.0,0.0,0.0,0.0,0.0,0.0,0.0,0.0,0.0,0.0
10		8		tmn		mcafee anti-virus		0.015,0.132,0.065,0.132,0.3,0.132,0.065,0.132,0.026,0.132,1.0,0.114,0.065,0.114,0.338,0.114,0.211,0.114,0.147,0.114,0.162,0.026,0.162,0.132,0.162,0.132,0.026,0.132,0.026,0.132,0.026,0.114,0.0,0.114,0.344,0.158,0.344,0.158,0.174,0.158,0.142,0.158,0.151,0.158,0.083,0.158,0.151,0.158,0.136,0.158,0.147,0.158,0.136,0.158,0.064,0.158,0.114,0.158,0.089,0.086,0.089,0.086,0.024,0.161,0.089,0.161,0.089,0.161,0.163,0.114,0.344,0.114,0.344,0.114,0.296,0.114,0.296,0.21,0.288,0.0,0.267,0.114,0.288,0.114,0.114,0.114,0.071,0.114,0.0,0.114,0.296,0.114,0.296,0.114,0.296,0.114,0.288,0.42,0.113,0.115
18		8		tmn		how jim failed 		0.166,0.344,0.224,0.344,0.437,0.344,0.224,0.344,0.041,0.344,0.147,0.344,0.134,0.344,0.115,0.344,0.108,0.344,1.0,0.344,0.294,0.064,0.241,0.344,0.241,0.344,0.298,0.344,0.298,0.344,0.298,0.344,0.0,0.344,0.187,0.212,0.187,0.212,0.193,0.212,0.342,0.212,0.689,0.344,0.187,0.212,0.689,0.212,1.0,0.212,1.0,0.212,1.0,0.212,0.126,0.212,0.149,0.212,0.328,0.253,0.219,0.253,0.191,0.386,0.328,0.386,0.328,0.386,0.551,0.344,0.164,0.344,0.187,0.344,0.415,0.344,0.621,0.544,0.621,0.029,0.621,0.344,0.463,0.344,0.43,0.344,0.184,0.344,0.0,0.344,0.621,0.344,0.463,0.344,0.463,0.344,0.463,0.373,0.121,0.344
24		8		tmn		After  losses n.y. house republican		0.164,0.269,0.146,0.269,0.268,0.269,0.118,0.269,0.146,0.269,0.162,0.116,0.003,0.116,0.019,0.116,0.003,0.116,0.241,0.116,1.0,0.0,1.0,0.269,1.0,0.269,0.166,0.269,0.166,0.269,0.084,0.116,0.0,0.116,0.083,0.074,0.083,0.074,0.097,0.074,0.05,0.074,0.156,0.116,0.099,0.052,0.156,0.052,0.153,0.052,0.241,0.052,0.0,0.052,0.165,0.052,0.246,0.052,0.081,0.043,0.024,0.043,0.024,0.043,0.081,0.043,0.081,0.043,0.141,0.116,0.083,0.116,0.083,0.116,0.285,0.116,0.265,0.186,0.265,0.0,0.23,0.116,0.265,0.116,0.106,0.116,0.14,0.116,0.0,0.116,0.244,0.116,0.265,0.116,0.265,0.116,0.265,0.153,0.319,0.194
42		8		tmn		jack the		0.186,0.452,0.232,0.452,0.465,0.452,0.232,0.452,0.151,0.452,0.151,0.452,0.172,0.452,0.147,0.452,0.147,0.452,0.689,0.452,0.294,0.073,0.199,0.452,0.156,0.452,0.241,0.452,0.241,0.452,0.241,1.0,0.0,1.0,1.0,0.39,1.0,0.39,0.463,0.39,1.0,0.39,1.0,0.452,1.0,0.268,1.0,0.268,0.187,0.268,0.689,0.268,0.187,0.268,0.087,0.268,0.088,0.268,0.19,0.256,0.122,0.256,0.18,0.512,0.19,0.512,0.19,0.512,0.553,0.452,0.068,0.452,1.0,0.452,0.42,0.452,0.608,0.486,0.608,0.0,0.608,0.452,0.409,0.452,0.456,0.452,0.108,0.452,0.0,0.452,0.608,0.452,0.42,0.452,0.42,0.452,0.409,0.452,0.39,0.452
46		8		tmn		jack in the		0.186,0.452,0.232,0.452,0.465,0.452,0.232,0.452,0.173,0.452,0.151,0.452,0.235,0.452,0.147,0.452,0.235,0.452,0.689,0.452,0.326,0.073,0.326,0.452,0.156,0.452,0.241,0.452,0.241,0.452,0.241,1.0,0.0,1.0,1.0,0.39,1.0,0.39,0.463,0.39,1.0,0.39,1.0,0.452,1.0,0.268,1.0,0.268,0.187,0.268,0.689,0.268,0.187,0.268,0.088,0.268,0.088,0.268,0.19,0.256,0.122,0.256,0.382,0.512,0.382,0.512,0.19,0.512,0.553,0.452,0.068,0.452,1.0,0.452,0.42,0.452,0.608,0.486,0.608,0.0,0.608,0.452,0.409,0.452,0.456,0.452,0.108,0.452,0.0,0.452,0.608,0.452,0.42,0.452,0.42,0.452,0.409,0.452,0.39,0.452
50		8		tmn		how jim		0.166,0.344,0.224,0.344,0.437,0.344,0.224,0.344,0.0,0.344,0.147,0.344,0.134,0.344,0.115,0.344,0.048,0.344,1.0,0.344,0.294,0.064,0.241,0.344,0.241,0.344,0.298,0.344,0.298,0.344,0.298,0.344,0.0,0.344,0.187,0.212,0.187,0.212,0.193,0.212,0.342,0.212,0.689,0.344,0.187,0.212,0.689,0.212,1.0,0.212,1.0,0.212,1.0,0.212,0.126,0.212,0.149,0.212,0.328,0.253,0.219,0.253,0.191,0.386,0.328,0.386,0.328,0.386,0.551,0.344,0.164,0.344,0.187,0.344,0.415,0.344,0.621,0.544,0.621,0.004,0.621,0.344,0.463,0.344,0.43,0.344,0.184,0.344,0.0,0.344,0.621,0.344,0.463,0.344,0.463,0.344,0.463,0.373,0.121,0.344
54		8		tmn		montreal canadiens		0.116,0.081,0.059,0.081,0.091,0.081,0.046,0.081,0.059,0.081,0.064,0.0,0.141,0.0,0.052,0.0,0.141,0.0,0.126,0.0,0.135,0.027,0.165,0.081,0.165,0.081,0.0,0.081,0.0,0.081,0.0,0.071,0.0,0.071,0.118,0.0,0.118,0.0,0.0,0.0,0.0,0.0,0.087,0.004,0.088,0.027,0.088,0.027,0.06,0.027,0.126,0.027,0.0,0.027,1.0,0.027,0.107,0.027,0.046,0.027,0.046,0.027,0.046,0.054,0.015,0.054,0.0,0.054,0.005,0.192,0.118,0.192,0.118,0.192,0.365,0.192,0.135,0.163,0.365,0.031,0.365,0.071,0.135,0.071,0.057,0.071,0.0,0.071,0.0,0.071,0.135,0.071,0.365,0.071,0.135,0.071,0.135,0.02,0.071,0.128
68		8		tmn		jennifer aniston		0.098,0.009,0.144,0.009,0.344,0.009,0.144,0.009,0.0,0.009,0.163,0.009,0.096,0.009,0.154,0.009,0.01,0.009,0.551,0.009,0.303,0.013,0.141,0.009,0.141,0.009,0.225,0.009,0.225,0.009,0.225,0.009,0.0,0.009,0.098,0.052,0.098,0.052,0.098,0.052,0.045,0.052,0.553,0.023,0.087,0.023,0.553,0.023,0.062,0.023,0.551,0.023,0.062,0.023,0.005,0.023,0.209,0.023,0.065,0.013,0.065,0.013,0.065,0.224,0.062,0.224,0.062,0.224,1.0,0.009,0.085,0.009,0.098,0.009,0.415,0.009,0.457,0.495,0.457,0.024,0.457,0.009,0.415,0.009,0.646,0.009,0.073,0.009,0.0,0.009,0.457,0.009,0.415,0.009,0.415,0.009,0.415,0.468,0.087,0.115
70		8		tmn		tech were invaded  using effects		0.018,0.124,0.055,0.124,0.188,0.124,0.055,0.124,0.055,0.124,0.344,0.0,0.0,0.0,0.217,0.0,0.004,0.0,0.164,0.0,0.136,0.024,0.136,0.124,0.083,0.124,0.0,0.124,0.0,0.124,0.0,0.0,0.0,0.0,1.0,0.004,1.0,0.004,0.122,0.004,0.0,0.004,0.068,0.113,0.057,0.113,0.068,0.113,0.162,0.113,0.164,0.113,0.0,0.113,0.118,0.113,0.0,0.113,0.107,0.024,0.107,0.024,0.107,0.05,0.0,0.05,0.0,0.05,0.085,0.006,1.0,0.006,1.0,0.006,0.288,0.006,0.171,0.073,0.144,0.0,0.127,0.0,0.171,0.0,0.075,0.0,0.0,0.0,0.0,0.0,0.171,0.0,0.164,0.0,0.164,0.0,0.171,0.091,0.0,0.156
74		8		tmn		sources york times hoffman moore alabama		0.183,0.46,0.249,0.46,0.686,0.46,0.134,0.46,0.249,0.46,0.296,0.015,0.062,0.015,0.059,0.015,0.006,0.015,0.415,0.015,0.285,0.008,0.285,0.46,0.285,0.46,0.109,0.46,0.109,0.46,0.109,0.015,0.0,0.015,0.288,0.0,0.288,0.0,0.003,0.0,0.0,0.0,0.42,0.033,0.037,0.033,0.42,0.033,0.167,0.033,0.415,0.033,0.0,0.033,0.365,0.033,0.22,0.033,0.035,0.008,0.035,0.008,0.037,0.127,0.037,0.127,0.005,0.127,0.415,0.061,0.288,0.061,0.288,0.061,1.0,0.061,1.0,0.515,1.0,0.017,1.0,0.015,1.0,0.015,0.29,0.015,0.193,0.015,0.0,0.015,1.0,0.015,1.0,0.015,1.0,0.015,1.0,0.427,0.107,0.085
76		8		tmn		sources reid hoffman 100k roy moore		0.077,0.147,0.266,0.147,0.686,0.147,0.266,0.147,0.266,0.147,0.296,0.015,0.115,0.015,0.177,0.015,0.043,0.015,0.621,0.015,0.244,0.023,0.265,0.147,0.265,0.147,0.115,0.147,0.115,0.147,0.115,0.015,0.0,0.015,0.171,0.013,0.171,0.013,0.003,0.013,0.036,0.013,0.608,0.069,0.131,0.069,0.608,0.069,0.167,0.069,0.621,0.069,0.0,0.069,0.135,0.069,0.22,0.069,0.041,0.023,0.041,0.023,0.041,0.127,0.005,0.127,0.005,0.127,0.457,0.102,0.171,0.102,0.171,0.102,1.0,0.102,1.0,0.516,1.0,0.017,1.0,0.015,1.0,0.015,0.314,0.015,0.193,0.015,0.0,0.015,1.0,0.015,1.0,0.015,1.0,0.015,1.0,0.474,0.168,0.054
77		8		user		martin haines		0.034,0.188,0.089,0.188,0.527,0.188,0.089,0.188,0.077,0.188,0.21,0.011,0.026,0.011,0.046,0.011,0.0,0.011,0.544,0.011,0.186,0.012,0.186,0.188,0.186,0.188,0.089,0.188,0.089,0.188,0.089,0.011,0.0,0.011,0.073,0.0,0.073,0.0,0.0,0.0,0.0,0.0,0.486,0.011,0.005,0.012,0.486,0.012,0.057,0.012,0.544,0.012,0.0,0.012,0.163,0.012,0.17,0.012,0.08,0.012,0.08,0.012,0.08,0.124,0.0,0.124,0.0,0.124,0.495,0.032,0.073,0.032,0.073,0.032,0.515,0.032,0.516,1.0,0.516,0.012,0.516,0.011,0.482,0.011,0.355,0.011,0.089,0.011,0.0,0.011,0.516,0.011,0.515,0.011,0.515,0.011,0.482,0.435,0.112,0.079
78		8		tmn		sources reid york  hoffman roy		0.183,0.259,0.249,0.259,0.609,0.259,0.188,0.259,0.249,0.259,0.288,0.015,0.115,0.015,0.046,0.015,0.0,0.015,0.621,0.015,0.23,0.008,0.265,0.259,0.265,0.259,0.115,0.259,0.115,0.259,0.115,0.015,0.0,0.015,0.144,0.0,0.144,0.0,0.003,0.0,0.0,0.0,0.608,0.033,0.037,0.033,0.608,0.033,0.106,0.033,0.621,0.033,0.0,0.033,0.365,0.033,0.167,0.033,0.041,0.008,0.041,0.008,0.041,0.127,0.037,0.127,0.005,0.127,0.457,0.102,0.144,0.102,0.144,0.102,1.0,0.102,1.0,0.516,1.0,0.017,1.0,0.015,1.0,0.015,0.314,0.015,0.193,0.015,0.0,0.015,1.0,0.015,1.0,0.015,1.0,0.015,1.0,0.474,0.168,0.061
80		8		tmn		sources reid york times  roy		0.183,0.259,0.249,0.259,0.609,0.259,0.188,0.259,0.249,0.259,0.267,0.0,0.115,0.0,0.009,0.0,0.0,0.0,0.621,0.0,0.23,0.0,0.23,0.259,0.23,0.259,0.115,0.259,0.115,0.259,0.115,0.0,0.0,0.0,0.127,0.0,0.127,0.0,0.0,0.0,0.0,0.0,0.608,0.0,0.037,0.0,0.608,0.0,0.106,0.0,0.621,0.0,0.0,0.0,0.365,0.0,0.147,0.0,0.041,0.0,0.041,0.0,0.041,0.107,0.037,0.107,0.0,0.107,0.457,0.102,0.127,0.102,0.127,0.102,1.0,0.102,1.0,0.516,1.0,0.0,1.0,0.0,1.0,0.0,0.314,0.0,0.084,0.0,0.0,0.0,1.0,0.0,1.0,0.0,1.0,0.0,1.0,0.474,0.168,0.061
82		8		tmn		sources reid times  hoffman 100k		0.077,0.097,0.266,0.097,0.609,0.097,0.266,0.097,0.266,0.097,0.288,0.015,0.062,0.015,0.177,0.015,0.043,0.015,0.463,0.015,0.23,0.023,0.265,0.097,0.265,0.097,0.109,0.097,0.109,0.097,0.109,0.015,0.0,0.015,0.171,0.013,0.171,0.013,0.003,0.013,0.036,0.013,0.409,0.069,0.131,0.069,0.409,0.069,0.106,0.069,0.463,0.069,0.0,0.069,0.135,0.069,0.167,0.069,0.041,0.023,0.041,0.023,0.041,0.127,0.005,0.127,0.005,0.127,0.415,0.102,0.171,0.102,0.171,0.102,1.0,0.102,1.0,0.482,1.0,0.017,1.0,0.015,1.0,0.015,0.314,0.015,0.193,0.015,0.0,0.015,1.0,0.015,1.0,0.015,1.0,0.015,1.0,0.427,0.168,0.054
84		8		tmn		jillian michaels		0.101,0.028,0.158,0.028,0.263,0.028,0.158,0.028,0.0,0.028,0.114,0.0,0.062,0.0,0.024,0.0,0.0,0.0,0.43,0.0,0.223,0.037,0.106,0.028,0.106,0.028,0.165,0.028,0.165,0.028,0.165,0.0,0.0,0.0,0.075,0.0,0.075,0.0,0.01,0.0,0.0,0.0,0.456,0.008,0.038,0.037,0.456,0.037,0.064,0.037,0.43,0.037,0.044,0.037,0.057,0.037,0.111,0.037,0.011,0.037,0.011,0.037,0.0,0.161,0.011,0.161,0.011,0.161,0.646,0.007,0.075,0.007,0.075,0.007,0.29,0.007,0.314,0.355,0.314,0.0,0.314,0.0,0.314,0.0,1.0,0.0,0.015,0.0,0.0,0.0,0.314,0.0,0.314,0.0,0.314,0.0,0.314,0.278,0.064,0.047
90		8		tmn		Sources reid 100k roy moore facebook		0.077,0.147,0.266,0.147,0.686,0.147,0.266,0.147,0.266,0.147,0.296,0.052,0.115,0.052,0.47,0.052,0.054,0.052,0.621,0.052,0.244,0.023,0.244,0.147,0.244,0.147,0.115,0.147,0.115,0.147,0.115,0.052,0.0,0.052,0.367,0.179,0.367,0.179,0.367,0.179,0.056,0.179,0.608,0.085,0.131,0.085,0.608,0.085,0.167,0.085,0.621,0.085,0.163,0.085,0.135,0.085,0.22,0.085,0.064,0.023,0.047,0.023,0.041,0.146,0.064,0.146,0.064,0.146,0.457,0.102,0.171,0.102,0.367,0.102,1.0,0.102,1.0,0.516,1.0,0.0,1.0,0.052,1.0,0.052,0.314,0.052,0.134,0.052,0.0,0.052,1.0,0.052,1.0,0.052,1.0,0.052,1.0,0.55,0.179,0.054
92		8		tmn		sources reid york  hoffman moore		0.183,0.259,0.249,0.259,0.686,0.259,0.134,0.259,0.249,0.259,0.296,0.015,0.062,0.015,0.059,0.015,0.0,0.015,0.463,0.015,0.244,0.008,0.265,0.259,0.265,0.259,0.109,0.259,0.109,0.259,0.109,0.015,0.0,0.015,0.164,0.0,0.164,0.0,0.003,0.0,0.0,0.0,0.42,0.033,0.037,0.033,0.42,0.033,0.167,0.033,0.463,0.033,0.0,0.033,0.365,0.033,0.22,0.033,0.041,0.008,0.041,0.008,0.041,0.127,0.037,0.127,0.005,0.127,0.415,0.102,0.164,0.102,0.164,0.102,1.0,0.102,1.0,0.515,1.0,0.017,1.0,0.015,1.0,0.015,0.314,0.015,0.193,0.015,0.0,0.015,1.0,0.015,1.0,0.015,1.0,0.015,1.0,0.427,0.168,0.061
94		8		tmn		sources reid times  hoffman moore		0.041,0.147,0.134,0.147,0.686,0.147,0.134,0.147,0.012,0.147,0.296,0.015,0.062,0.015,0.059,0.015,0.0,0.015,0.463,0.015,0.244,0.008,0.265,0.147,0.265,0.147,0.109,0.147,0.109,0.147,0.109,0.015,0.0,0.015,0.164,0.0,0.164,0.0,0.003,0.0,0.0,0.0,0.42,0.033,0.007,0.033,0.42,0.033,0.167,0.033,0.463,0.033,0.0,0.033,0.135,0.033,0.22,0.033,0.041,0.008,0.041,0.008,0.041,0.127,0.005,0.127,0.005,0.127,0.415,0.102,0.164,0.102,0.164,0.102,1.0,0.102,1.0,0.515,1.0,0.017,1.0,0.015,1.0,0.015,0.314,0.015,0.193,0.015,0.0,0.015,1.0,0.015,1.0,0.015,1.0,0.015,1.0,0.427,0.168,0.023
96		8		tmn		sources reid times  hoffman 100k		0.077,0.097,0.266,0.097,0.609,0.097,0.266,0.097,0.266,0.097,0.288,0.015,0.062,0.015,0.177,0.015,0.043,0.015,0.463,0.015,0.23,0.023,0.265,0.097,0.265,0.097,0.109,0.097,0.109,0.097,0.109,0.015,0.0,0.015,0.171,0.013,0.171,0.013,0.003,0.013,0.036,0.013,0.409,0.069,0.131,0.069,0.409,0.069,0.106,0.069,0.463,0.069,0.0,0.069,0.135,0.069,0.167,0.069,0.041,0.023,0.041,0.023,0.041,0.127,0.005,0.127,0.005,0.127,0.415,0.102,0.171,0.102,0.171,0.102,1.0,0.102,1.0,0.482,1.0,0.017,1.0,0.015,1.0,0.015,0.314,0.015,0.193,0.015,0.0,0.015,1.0,0.015,1.0,0.015,1.0,0.015,1.0,0.427,0.168,0.054
97		8		user		email and dr. nicolai bogduk		0.11,1.0,0.077,1.0,0.356,1.0,0.077,1.0,0.002,1.0,0.42,1.0,0.182,1.0,0.392,1.0,0.26,1.0,0.373,1.0,0.294,0.107,0.404,1.0,0.153,1.0,0.201,1.0,0.201,1.0,0.201,1.0,0.0,1.0,0.452,0.298,0.452,0.298,0.382,0.298,0.452,0.298,0.452,1.0,0.452,0.298,0.452,0.298,0.344,0.298,0.373,0.298,0.344,0.298,0.02,0.298,0.102,0.298,0.122,0.279,0.097,0.279,0.172,0.373,0.172,0.373,0.122,0.373,0.468,1.0,0.091,1.0,0.452,1.0,0.427,1.0,0.474,0.435,0.474,0.107,0.474,1.0,0.427,1.0,0.278,1.0,0.268,1.0,0.0,1.0,0.55,1.0,0.427,1.0,0.427,1.0,0.427,1.0,0.281,1.0
11		9		user		gyrotonics and videos		0.11,1.0,0.0,1.0,0.0,1.0,0.0,1.0,0.0,1.0,0.114,1.0,0.079,1.0,0.09,1.0,0.09,1.0,0.344,1.0,0.294,0.107,0.404,1.0,0.116,1.0,0.201,1.0,0.201,1.0,0.201,1.0,0.0,1.0,0.452,0.298,0.452,0.298,0.293,0.298,0.452,0.298,0.452,1.0,0.452,0.298,0.452,0.298,0.344,0.298,0.344,0.298,0.344,0.298,0.0,0.298,0.029,0.298,0.122,0.279,0.062,0.279,0.172,0.373,0.172,0.373,0.122,0.373,0.009,1.0,0.0,1.0,0.452,1.0,0.015,1.0,0.015,0.011,0.015,0.0,0.0,1.0,0.015,1.0,0.0,1.0,0.133,1.0,0.0,1.0,0.052,1.0,0.015,1.0,0.015,1.0,0.015,1.0,0.281,1.0
13		9		user		gyrotonics and videos		0.11,1.0,0.0,1.0,0.0,1.0,0.0,1.0,0.0,1.0,0.114,1.0,0.079,1.0,0.09,1.0,0.09,1.0,0.344,1.0,0.294,0.107,0.404,1.0,0.116,1.0,0.201,1.0,0.201,1.0,0.201,1.0,0.0,1.0,0.452,0.298,0.452,0.298,0.293,0.298,0.452,0.298,0.452,1.0,0.452,0.298,0.452,0.298,0.344,0.298,0.344,0.298,0.344,0.298,0.0,0.298,0.029,0.298,0.122,0.279,0.062,0.279,0.172,0.373,0.172,0.373,0.122,0.373,0.009,1.0,0.0,1.0,0.452,1.0,0.015,1.0,0.015,0.011,0.015,0.0,0.0,1.0,0.015,1.0,0.0,1.0,0.133,1.0,0.0,1.0,0.052,1.0,0.015,1.0,0.015,1.0,0.015,1.0,0.281,1.0
15		9		user		gyrotonics and videos		0.11,1.0,0.0,1.0,0.0,1.0,0.0,1.0,0.0,1.0,0.114,1.0,0.079,1.0,0.09,1.0,0.09,1.0,0.344,1.0,0.294,0.107,0.404,1.0,0.116,1.0,0.201,1.0,0.201,1.0,0.201,1.0,0.0,1.0,0.452,0.298,0.452,0.298,0.293,0.298,0.452,0.298,0.452,1.0,0.452,0.298,0.452,0.298,0.344,0.298,0.344,0.298,0.344,0.298,0.0,0.298,0.029,0.298,0.122,0.279,0.062,0.279,0.172,0.373,0.172,0.373,0.122,0.373,0.009,1.0,0.0,1.0,0.452,1.0,0.015,1.0,0.015,0.011,0.015,0.0,0.0,1.0,0.015,1.0,0.0,1.0,0.133,1.0,0.0,1.0,0.052,1.0,0.015,1.0,0.015,1.0,0.015,1.0,0.281,1.0
17		9		user		gyrotonics and videos		0.11,1.0,0.0,1.0,0.0,1.0,0.0,1.0,0.0,1.0,0.114,1.0,0.079,1.0,0.09,1.0,0.09,1.0,0.344,1.0,0.294,0.107,0.404,1.0,0.116,1.0,0.201,1.0,0.201,1.0,0.201,1.0,0.0,1.0,0.452,0.298,0.452,0.298,0.293,0.298,0.452,0.298,0.452,1.0,0.452,0.298,0.452,0.298,0.344,0.298,0.344,0.298,0.344,0.298,0.0,0.298,0.029,0.298,0.122,0.279,0.062,0.279,0.172,0.373,0.172,0.373,0.122,0.373,0.009,1.0,0.0,1.0,0.452,1.0,0.015,1.0,0.015,0.011,0.015,0.0,0.0,1.0,0.015,1.0,0.0,1.0,0.133,1.0,0.0,1.0,0.052,1.0,0.015,1.0,0.015,1.0,0.015,1.0,0.281,1.0
19		9		user		gyrotonics and videos		0.11,1.0,0.0,1.0,0.0,1.0,0.0,1.0,0.0,1.0,0.114,1.0,0.079,1.0,0.09,1.0,0.09,1.0,0.344,1.0,0.294,0.107,0.404,1.0,0.116,1.0,0.201,1.0,0.201,1.0,0.201,1.0,0.0,1.0,0.452,0.298,0.452,0.298,0.293,0.298,0.452,0.298,0.452,1.0,0.452,0.298,0.452,0.298,0.344,0.298,0.344,0.298,0.344,0.298,0.0,0.298,0.029,0.298,0.122,0.279,0.062,0.279,0.172,0.373,0.172,0.373,0.122,0.373,0.009,1.0,0.0,1.0,0.452,1.0,0.015,1.0,0.015,0.011,0.015,0.0,0.0,1.0,0.015,1.0,0.0,1.0,0.133,1.0,0.0,1.0,0.052,1.0,0.015,1.0,0.015,1.0,0.015,1.0,0.281,1.0
20		9		tmn		after big  republican clashes her		0.207,0.294,0.101,0.294,0.268,0.294,0.101,0.294,0.101,0.294,0.162,0.294,0.142,0.294,0.086,0.294,0.086,0.294,0.294,0.294,1.0,0.088,1.0,0.294,1.0,0.294,0.545,0.294,0.545,0.294,0.545,0.294,0.0,0.294,0.294,0.285,0.294,0.285,0.314,0.285,0.294,0.285,0.294,0.294,0.326,0.285,0.326,0.285,0.294,0.285,0.294,0.285,0.294,0.285,0.135,0.285,0.248,0.285,0.174,0.088,0.174,0.088,0.844,0.371,0.844,0.371,0.174,0.371,0.303,0.294,0.136,0.294,0.294,0.294,0.285,0.294,0.244,0.186,0.23,0.096,0.23,0.294,0.23,0.294,0.223,0.294,0.167,0.294,0.0,0.294,0.244,0.294,0.244,0.294,0.244,0.294,0.23,0.294,0.319,0.294
21		9		user		implanting spinal ligaments		0.0,0.107,0.0,0.107,0.0,0.107,0.0,0.107,0.0,0.107,0.026,0.107,0.0,0.107,0.112,0.107,0.112,0.107,0.064,0.107,0.088,1.0,0.11,0.107,0.0,0.107,0.166,0.107,0.166,0.107,0.166,0.415,0.0,0.415,0.073,0.089,0.073,0.089,0.091,0.089,0.073,0.089,0.073,0.449,0.081,1.0,0.073,1.0,0.064,1.0,0.064,1.0,0.064,1.0,0.027,1.0,0.0,1.0,0.084,1.0,0.065,1.0,0.035,1.0,0.084,1.0,0.084,1.0,0.013,0.231,0.024,0.231,0.073,0.231,0.008,0.231,0.023,0.012,0.008,0.0,0.0,0.415,0.023,0.415,0.037,0.415,0.114,0.415,0.0,0.415,0.023,0.415,0.008,0.415,0.008,0.415,0.023,0.107,0.018,0.349
22		9		tmn		after big n.y. house republican with		0.164,0.404,0.146,0.404,0.268,0.404,0.118,0.404,0.146,0.404,0.162,0.404,0.142,0.404,0.069,0.404,0.069,0.404,0.241,0.404,1.0,0.11,1.0,0.404,1.0,0.404,0.263,0.404,0.263,0.404,0.263,0.404,0.0,0.404,0.199,0.307,0.199,0.307,0.143,0.307,0.199,0.307,0.199,0.404,0.326,0.307,0.326,0.307,0.194,0.307,0.241,0.307,0.194,0.307,0.165,0.307,0.248,0.307,0.158,0.172,0.158,0.172,0.844,0.307,0.844,0.307,0.114,0.307,0.141,0.404,0.136,0.404,0.199,0.404,0.285,0.404,0.265,0.186,0.265,0.096,0.23,0.404,0.265,0.404,0.106,0.404,0.14,0.404,0.0,0.404,0.244,0.404,0.265,0.404,0.265,0.404,0.265,0.404,0.338,0.404
26		9		tmn		hair choirmaster my life 		0.214,0.201,0.156,0.201,0.156,0.201,0.156,0.201,0.0,0.201,0.026,0.201,0.248,0.201,0.054,0.201,0.03,0.201,0.298,0.201,0.545,0.166,0.263,0.201,0.166,0.201,1.0,0.201,1.0,0.201,1.0,0.467,0.0,0.467,0.082,0.043,0.082,0.043,0.159,0.043,0.143,0.043,0.241,0.201,0.215,0.17,0.241,0.17,0.298,0.17,0.298,0.17,0.298,0.17,0.0,0.17,0.241,0.17,0.308,0.177,0.308,0.177,0.308,0.63,0.278,0.63,0.278,0.63,0.225,0.201,0.0,0.201,0.082,0.201,0.109,0.201,0.115,0.089,0.115,0.026,0.115,0.467,0.109,0.467,0.165,0.467,0.336,0.467,0.0,0.467,0.115,0.467,0.109,0.467,0.109,0.467,0.109,0.201,0.122,0.441
28		9		tmn		hair my life 		0.214,0.201,0.156,0.201,0.156,0.201,0.156,0.201,0.0,0.201,0.026,0.201,0.248,0.201,0.054,0.201,0.03,0.201,0.298,0.201,0.545,0.166,0.263,0.201,0.166,0.201,1.0,0.201,1.0,0.201,1.0,0.467,0.0,0.467,0.082,0.043,0.082,0.043,0.159,0.043,0.143,0.043,0.241,0.201,0.215,0.17,0.241,0.17,0.298,0.17,0.298,0.17,0.298,0.17,0.0,0.17,0.241,0.17,0.308,0.177,0.308,0.177,0.308,0.63,0.278,0.63,0.278,0.63,0.225,0.201,0.0,0.201,0.082,0.201,0.109,0.201,0.115,0.089,0.115,0.026,0.115,0.467,0.109,0.467,0.165,0.467,0.336,0.467,0.0,0.467,0.115,0.467,0.109,0.467,0.109,0.467,0.109,0.201,0.122,0.441
31		9		user		stabilize the spine and ligaments		0.11,1.0,0.104,1.0,0.151,1.0,0.151,1.0,0.151,1.0,0.114,1.0,0.147,1.0,0.221,1.0,0.221,1.0,0.344,1.0,0.294,0.415,0.404,1.0,0.116,1.0,0.467,1.0,0.467,1.0,0.467,1.0,0.0,1.0,1.0,0.39,1.0,0.39,0.463,0.39,1.0,0.39,1.0,1.0,1.0,0.415,1.0,0.415,0.344,0.415,0.344,0.415,0.344,0.415,0.071,0.415,0.058,0.415,0.216,0.417,0.216,0.417,0.18,0.512,0.216,0.512,0.216,0.512,0.009,1.0,0.0,1.0,1.0,1.0,0.015,1.0,0.015,0.011,0.015,0.11,0.0,1.0,0.015,1.0,0.0,1.0,0.214,1.0,0.0,1.0,0.052,1.0,0.015,1.0,0.015,1.0,0.015,1.0,0.39,1.0
33		9		user		stabilize the spine and ligaments		0.11,1.0,0.104,1.0,0.151,1.0,0.151,1.0,0.151,1.0,0.114,1.0,0.147,1.0,0.221,1.0,0.221,1.0,0.344,1.0,0.294,0.415,0.404,1.0,0.116,1.0,0.467,1.0,0.467,1.0,0.467,1.0,0.0,1.0,1.0,0.39,1.0,0.39,0.463,0.39,1.0,0.39,1.0,1.0,1.0,0.415,1.0,0.415,0.344,0.415,0.344,0.415,0.344,0.415,0.071,0.415,0.058,0.415,0.216,0.417,0.216,0.417,0.18,0.512,0.216,0.512,0.216,0.512,0.009,1.0,0.0,1.0,1.0,1.0,0.015,1.0,0.015,0.011,0.015,0.11,0.0,1.0,0.015,1.0,0.0,1.0,0.214,1.0,0.0,1.0,0.052,1.0,0.015,1.0,0.015,1.0,0.015,1.0,0.39,1.0
34		9		tmn		tech were invaded media the effects		0.108,0.452,0.104,0.452,0.188,0.452,0.151,0.452,0.151,0.452,0.344,0.452,0.147,0.452,0.337,0.452,0.147,0.452,0.187,0.452,0.294,0.073,0.199,0.452,0.083,0.452,0.082,0.452,0.082,0.452,0.082,1.0,0.0,1.0,1.0,0.39,1.0,0.39,1.0,0.39,1.0,0.39,1.0,0.452,1.0,0.268,1.0,0.268,0.187,0.268,0.187,0.268,0.187,0.268,0.118,0.268,0.081,0.268,0.19,0.256,0.122,0.256,0.18,0.512,0.19,0.512,0.19,0.512,0.098,0.452,1.0,0.452,1.0,0.452,0.288,0.452,0.171,0.073,0.144,0.0,0.127,0.452,0.171,0.452,0.075,0.452,0.108,0.452,0.0,0.452,0.367,0.452,0.164,0.452,0.164,0.452,0.171,0.452,0.39,0.452
35		9		user		new treatments for stretched ligaments		0.021,0.298,0.07,0.298,0.076,0.298,0.076,0.298,0.076,0.298,0.158,0.298,0.082,0.298,0.192,0.298,0.192,0.298,0.212,0.298,0.285,0.089,0.307,0.298,0.074,0.298,0.043,0.298,0.043,0.298,0.043,0.39,0.0,0.39,0.39,1.0,0.39,1.0,0.248,1.0,0.39,1.0,0.39,1.0,0.39,1.0,0.39,1.0,0.212,1.0,0.212,1.0,0.212,1.0,0.0,1.0,0.0,1.0,0.04,0.137,0.04,0.137,0.266,1.0,0.266,1.0,0.032,1.0,0.052,0.298,0.004,0.298,0.39,0.298,0.0,0.298,0.013,0.0,0.0,0.0,0.0,0.298,0.013,0.298,0.0,0.298,0.064,0.298,0.0,0.298,0.179,0.298,0.0,0.298,0.0,0.298,0.013,0.298,1.0,0.298
36		9		tmn		tech were invaded media using the		0.108,0.452,0.104,0.452,0.188,0.452,0.151,0.452,0.151,0.452,0.344,0.452,0.147,0.452,0.337,0.452,0.147,0.452,0.187,0.452,0.294,0.073,0.199,0.452,0.083,0.452,0.082,0.452,0.082,0.452,0.082,1.0,0.0,1.0,1.0,0.39,1.0,0.39,1.0,0.39,1.0,0.39,1.0,0.452,1.0,0.268,1.0,0.268,0.187,0.268,0.187,0.268,0.187,0.268,0.118,0.268,0.081,0.268,0.19,0.256,0.122,0.256,0.18,0.512,0.19,0.512,0.19,0.512,0.098,0.452,1.0,0.452,1.0,0.452,0.288,0.452,0.171,0.073,0.144,0.0,0.127,0.452,0.171,0.452,0.075,0.452,0.108,0.452,0.0,0.452,0.367,0.452,0.164,0.452,0.164,0.452,0.171,0.452,0.39,0.452
37		9		user		new treatments for stretched ligaments		0.021,0.298,0.07,0.298,0.076,0.298,0.076,0.298,0.076,0.298,0.158,0.298,0.082,0.298,0.192,0.298,0.192,0.298,0.212,0.298,0.285,0.089,0.307,0.298,0.074,0.298,0.043,0.298,0.043,0.298,0.043,0.39,0.0,0.39,0.39,1.0,0.39,1.0,0.248,1.0,0.39,1.0,0.39,1.0,0.39,1.0,0.39,1.0,0.212,1.0,0.212,1.0,0.212,1.0,0.0,1.0,0.0,1.0,0.04,0.137,0.04,0.137,0.266,1.0,0.266,1.0,0.032,1.0,0.052,0.298,0.004,0.298,0.39,0.298,0.0,0.298,0.013,0.0,0.0,0.0,0.0,0.298,0.013,0.298,0.0,0.298,0.064,0.298,0.0,0.298,0.179,0.298,0.0,0.298,0.0,0.298,0.013,0.298,1.0,0.298
38		9		tmn		Tech were media  using be		0.021,0.293,0.104,0.293,0.129,0.293,0.129,0.293,0.129,0.293,0.174,0.293,0.083,0.293,0.337,0.293,0.12,0.293,0.193,0.293,0.314,0.091,0.143,0.293,0.097,0.293,0.159,0.293,0.159,0.293,0.159,0.463,0.0,0.463,1.0,0.248,1.0,0.248,1.0,0.248,0.463,0.248,0.463,0.293,0.463,0.248,0.463,0.248,0.193,0.248,0.193,0.248,0.193,0.248,0.0,0.248,0.081,0.248,0.192,0.229,0.192,0.229,0.041,0.391,0.192,0.391,0.192,0.391,0.098,0.293,0.122,0.293,1.0,0.293,0.003,0.293,0.003,0.0,0.003,0.0,0.0,0.293,0.003,0.293,0.01,0.293,0.108,0.293,0.0,0.293,0.367,0.293,0.003,0.293,0.003,0.293,0.003,0.382,0.197,0.293
39		9		user		new treatments for stretched ligaments		0.021,0.298,0.07,0.298,0.076,0.298,0.076,0.298,0.076,0.298,0.158,0.298,0.082,0.298,0.192,0.298,0.192,0.298,0.212,0.298,0.285,0.089,0.307,0.298,0.074,0.298,0.043,0.298,0.043,0.298,0.043,0.39,0.0,0.39,0.39,1.0,0.39,1.0,0.248,1.0,0.39,1.0,0.39,1.0,0.39,1.0,0.39,1.0,0.212,1.0,0.212,1.0,0.212,1.0,0.0,1.0,0.0,1.0,0.04,0.137,0.04,0.137,0.266,1.0,0.266,1.0,0.032,1.0,0.052,0.298,0.004,0.298,0.39,0.298,0.0,0.298,0.013,0.0,0.0,0.0,0.0,0.298,0.013,0.298,0.0,0.298,0.064,0.298,0.0,0.298,0.179,0.298,0.0,0.298,0.0,0.298,0.013,0.298,1.0,0.298
40		9		tmn		were invaded using the effects cannot		0.108,0.452,0.104,0.452,0.151,0.452,0.151,0.452,0.151,0.452,0.142,0.452,0.147,0.452,0.147,0.452,0.147,0.452,0.342,0.452,0.294,0.073,0.199,0.452,0.05,0.452,0.143,0.452,0.143,0.452,0.143,1.0,0.0,1.0,1.0,0.39,1.0,0.39,0.463,0.39,1.0,0.39,1.0,0.452,1.0,0.268,1.0,0.268,0.342,0.268,0.342,0.268,0.342,0.268,0.0,0.268,0.0,0.268,0.19,0.256,0.169,0.256,0.237,0.512,0.237,0.512,0.19,0.512,0.045,0.452,0.0,0.452,1.0,0.452,0.0,0.452,0.036,0.0,0.0,0.035,0.0,0.452,0.036,0.452,0.0,0.452,0.108,0.452,0.0,0.452,0.056,0.452,0.0,0.452,0.0,0.452,0.036,0.452,0.39,0.452
41		9		user		new treatments for stretched ligaments		0.021,0.298,0.07,0.298,0.076,0.298,0.076,0.298,0.076,0.298,0.158,0.298,0.082,0.298,0.192,0.298,0.192,0.298,0.212,0.298,0.285,0.089,0.307,0.298,0.074,0.298,0.043,0.298,0.043,0.298,0.043,0.39,0.0,0.39,0.39,1.0,0.39,1.0,0.248,1.0,0.39,1.0,0.39,1.0,0.39,1.0,0.39,1.0,0.212,1.0,0.212,1.0,0.212,1.0,0.0,1.0,0.0,1.0,0.04,0.137,0.04,0.137,0.266,1.0,0.266,1.0,0.032,1.0,0.052,0.298,0.004,0.298,0.39,0.298,0.0,0.298,0.013,0.0,0.0,0.0,0.0,0.298,0.013,0.298,0.0,0.298,0.064,0.298,0.0,0.298,0.179,0.298,0.0,0.298,0.0,0.298,0.013,0.298,1.0,0.298
43		9		user		polyurethane injections for arthritis and ligaments		0.11,1.0,0.0,1.0,0.064,1.0,0.064,1.0,0.064,1.0,0.158,1.0,0.079,1.0,0.192,1.0,0.192,1.0,0.344,1.0,0.294,0.449,0.404,1.0,0.116,1.0,0.201,1.0,0.201,1.0,0.201,1.0,0.0,1.0,0.452,1.0,0.452,1.0,0.293,1.0,0.452,1.0,0.452,1.0,0.452,1.0,0.452,1.0,0.344,1.0,0.344,1.0,0.344,1.0,0.004,1.0,0.054,1.0,0.122,0.449,0.062,0.449,0.266,1.0,0.266,1.0,0.122,1.0,0.023,1.0,0.113,1.0,0.452,1.0,0.033,1.0,0.069,0.011,0.033,0.0,0.0,1.0,0.069,1.0,0.008,1.0,0.154,1.0,0.0,1.0,0.085,1.0,0.033,1.0,0.033,1.0,0.069,1.0,0.281,1.0
44		9		tmn		in the box		0.178,0.452,0.154,0.452,0.173,0.452,0.173,0.452,0.173,0.452,0.083,0.452,0.235,0.452,0.147,0.452,0.235,0.452,0.187,0.452,0.326,0.081,0.326,0.452,0.099,0.452,0.215,0.452,0.215,0.452,0.215,1.0,0.0,1.0,1.0,0.39,1.0,0.39,0.463,0.39,1.0,0.39,1.0,0.452,1.0,0.268,1.0,0.268,0.187,0.268,0.187,0.268,0.187,0.268,0.088,0.268,0.176,0.268,0.19,0.256,0.122,0.256,0.382,0.512,0.382,0.512,0.19,0.512,0.087,0.452,0.057,0.452,1.0,0.452,0.037,0.452,0.131,0.005,0.037,0.0,0.037,0.452,0.131,0.452,0.038,0.452,0.23,0.452,0.0,0.452,0.131,0.452,0.037,0.452,0.007,0.452,0.131,0.452,0.39,0.452
45		9		user		polyurethane injections for spinal ligaments		0.021,0.298,0.0,0.298,0.064,0.298,0.064,0.298,0.064,0.298,0.158,0.298,0.017,0.298,0.192,0.298,0.192,0.298,0.212,0.298,0.285,1.0,0.307,0.298,0.052,0.298,0.17,0.298,0.17,0.298,0.17,0.415,0.0,0.415,0.268,1.0,0.268,1.0,0.248,1.0,0.268,1.0,0.268,1.0,0.268,1.0,0.268,1.0,0.212,1.0,0.212,1.0,0.212,1.0,0.027,1.0,0.054,1.0,0.084,1.0,0.065,1.0,0.266,1.0,0.266,1.0,0.084,1.0,0.023,0.298,0.113,0.298,0.268,0.298,0.033,0.298,0.069,0.012,0.033,0.0,0.0,0.415,0.069,0.415,0.037,0.415,0.114,0.415,0.0,0.415,0.085,0.415,0.033,0.415,0.033,0.415,0.069,0.298,0.241,0.349
47		9		user		polyurethane injections for spinal ligaments		0.021,0.298,0.0,0.298,0.064,0.298,0.064,0.298,0.064,0.298,0.158,0.298,0.017,0.298,0.192,0.298,0.192,0.298,0.212,0.298,0.285,1.0,0.307,0.298,0.052,0.298,0.17,0.298,0.17,0.298,0.17,0.415,0.0,0.415,0.268,1.0,0.268,1.0,0.248,1.0,0.268,1.0,0.268,1.0,0.268,1.0,0.268,1.0,0.212,1.0,0.212,1.0,0.212,1.0,0.027,1.0,0.054,1.0,0.084,1.0,0.065,1.0,0.266,1.0,0.266,1.0,0.084,1.0,0.023,0.298,0.113,0.298,0.268,0.298,0.033,0.298,0.069,0.012,0.033,0.0,0.0,0.415,0.069,0.415,0.037,0.415,0.114,0.415,0.0,0.415,0.085,0.415,0.033,0.415,0.033,0.415,0.069,0.298,0.241,0.349
48		9		tmn		how mattis failed		0.166,0.344,0.064,0.344,0.069,0.344,0.064,0.344,0.041,0.344,0.136,0.344,0.134,0.344,0.115,0.344,0.108,0.344,1.0,0.344,0.294,0.064,0.194,0.344,0.153,0.344,0.298,0.344,0.298,0.344,0.298,0.344,0.0,0.344,0.187,0.212,0.187,0.212,0.193,0.212,0.342,0.212,0.187,0.344,0.187,0.212,0.187,0.212,1.0,0.212,1.0,0.212,1.0,0.212,0.06,0.212,0.101,0.212,0.328,0.253,0.219,0.253,0.191,0.386,0.328,0.386,0.328,0.386,0.062,0.344,0.162,0.344,0.187,0.344,0.167,0.344,0.167,0.057,0.106,0.029,0.106,0.344,0.106,0.344,0.064,0.344,0.184,0.344,0.0,0.344,0.167,0.344,0.167,0.344,0.167,0.344,0.106,0.344,0.121,0.344
49		9		user		polyurethane injections for spinal ligaments		0.021,0.298,0.0,0.298,0.064,0.298,0.064,0.298,0.064,0.298,0.158,0.298,0.017,0.298,0.192,0.298,0.192,0.298,0.212,0.298,0.285,1.0,0.307,0.298,0.052,0.298,0.17,0.298,0.17,0.298,0.17,0.415,0.0,0.415,0.268,1.0,0.268,1.0,0.248,1.0,0.268,1.0,0.268,1.0,0.268,1.0,0.268,1.0,0.212,1.0,0.212,1.0,0.212,1.0,0.027,1.0,0.054,1.0,0.084,1.0,0.065,1.0,0.266,1.0,0.266,1.0,0.084,1.0,0.023,0.298,0.113,0.298,0.268,0.298,0.033,0.298,0.069,0.012,0.033,0.0,0.0,0.415,0.069,0.415,0.037,0.415,0.114,0.415,0.0,0.415,0.085,0.415,0.033,0.415,0.033,0.415,0.069,0.298,0.241,0.349
51		9		user		polyurethane injections for spinal ligaments		0.021,0.298,0.0,0.298,0.064,0.298,0.064,0.298,0.064,0.298,0.158,0.298,0.017,0.298,0.192,0.298,0.192,0.298,0.212,0.298,0.285,1.0,0.307,0.298,0.052,0.298,0.17,0.298,0.17,0.298,0.17,0.415,0.0,0.415,0.268,1.0,0.268,1.0,0.248,1.0,0.268,1.0,0.268,1.0,0.268,1.0,0.268,1.0,0.212,1.0,0.212,1.0,0.212,1.0,0.027,1.0,0.054,1.0,0.084,1.0,0.065,1.0,0.266,1.0,0.266,1.0,0.084,1.0,0.023,0.298,0.113,0.298,0.268,0.298,0.033,0.298,0.069,0.012,0.033,0.0,0.0,0.415,0.069,0.415,0.037,0.415,0.114,0.415,0.0,0.415,0.085,0.415,0.033,0.415,0.033,0.415,0.069,0.298,0.241,0.349
52		9		tmn		how mattis 		0.166,0.344,0.0,0.344,0.0,0.344,0.0,0.344,0.0,0.344,0.136,0.344,0.134,0.344,0.115,0.344,0.048,0.344,1.0,0.344,0.294,0.064,0.194,0.344,0.0,0.344,0.298,0.344,0.298,0.344,0.298,0.344,0.0,0.344,0.187,0.212,0.187,0.212,0.193,0.212,0.342,0.212,0.187,0.344,0.187,0.212,0.187,0.212,1.0,0.212,1.0,0.212,1.0,0.212,0.0,0.212,0.101,0.212,0.328,0.253,0.219,0.253,0.191,0.386,0.328,0.386,0.328,0.386,0.062,0.344,0.0,0.344,0.187,0.344,0.0,0.344,0.0,0.0,0.0,0.004,0.0,0.344,0.0,0.344,0.044,0.344,0.184,0.344,0.0,0.344,0.163,0.344,0.0,0.344,0.0,0.344,0.0,0.344,0.121,0.344
53		9		user		polyurethane injections for spinal ligaments		0.021,0.298,0.0,0.298,0.064,0.298,0.064,0.298,0.064,0.298,0.158,0.298,0.017,0.298,0.192,0.298,0.192,0.298,0.212,0.298,0.285,1.0,0.307,0.298,0.052,0.298,0.17,0.298,0.17,0.298,0.17,0.415,0.0,0.415,0.268,1.0,0.268,1.0,0.248,1.0,0.268,1.0,0.268,1.0,0.268,1.0,0.268,1.0,0.212,1.0,0.212,1.0,0.212,1.0,0.027,1.0,0.054,1.0,0.084,1.0,0.065,1.0,0.266,1.0,0.266,1.0,0.084,1.0,0.023,0.298,0.113,0.298,0.268,0.298,0.033,0.298,0.069,0.012,0.033,0.0,0.0,0.415,0.069,0.415,0.037,0.415,0.114,0.415,0.0,0.415,0.085,0.415,0.033,0.415,0.033,0.415,0.069,0.298,0.241,0.349
55		9		user		polyurethane injections for spinal ligaments		0.021,0.298,0.0,0.298,0.064,0.298,0.064,0.298,0.064,0.298,0.158,0.298,0.017,0.298,0.192,0.298,0.192,0.298,0.212,0.298,0.285,1.0,0.307,0.298,0.052,0.298,0.17,0.298,0.17,0.298,0.17,0.415,0.0,0.415,0.268,1.0,0.268,1.0,0.248,1.0,0.268,1.0,0.268,1.0,0.268,1.0,0.268,1.0,0.212,1.0,0.212,1.0,0.212,1.0,0.027,1.0,0.054,1.0,0.084,1.0,0.065,1.0,0.266,1.0,0.266,1.0,0.084,1.0,0.023,0.298,0.113,0.298,0.268,0.298,0.033,0.298,0.069,0.012,0.033,0.0,0.0,0.415,0.069,0.415,0.037,0.415,0.114,0.415,0.0,0.415,0.085,0.415,0.033,0.415,0.033,0.415,0.069,0.298,0.241,0.349
56		9		tmn		american idol		0.171,0.138,0.08,0.138,0.184,0.138,0.162,0.138,0.162,0.138,0.114,0.029,0.379,0.029,0.328,0.029,0.328,0.029,0.149,0.029,0.248,0.0,0.248,0.138,0.246,0.138,0.241,0.138,0.241,0.138,0.241,0.058,0.0,0.058,0.081,0.0,0.081,0.0,0.081,0.0,0.0,0.0,0.088,0.054,0.176,0.054,0.088,0.054,0.101,0.054,0.149,0.054,0.101,0.054,0.107,0.054,1.0,0.054,0.217,0.15,0.085,0.15,0.029,0.265,0.217,0.265,0.217,0.265,0.209,0.15,0.0,0.15,0.081,0.15,0.22,0.15,0.22,0.17,0.167,0.0,0.147,0.058,0.167,0.058,0.111,0.058,0.159,0.058,0.0,0.058,0.22,0.058,0.22,0.058,0.22,0.058,0.167,0.102,0.0,0.219
57		9		user		polyurethane injections for spinal ligaments		0.021,0.298,0.0,0.298,0.064,0.298,0.064,0.298,0.064,0.298,0.158,0.298,0.017,0.298,0.192,0.298,0.192,0.298,0.212,0.298,0.285,1.0,0.307,0.298,0.052,0.298,0.17,0.298,0.17,0.298,0.17,0.415,0.0,0.415,0.268,1.0,0.268,1.0,0.248,1.0,0.268,1.0,0.268,1.0,0.268,1.0,0.268,1.0,0.212,1.0,0.212,1.0,0.212,1.0,0.027,1.0,0.054,1.0,0.084,1.0,0.065,1.0,0.266,1.0,0.266,1.0,0.084,1.0,0.023,0.298,0.113,0.298,0.268,0.298,0.033,0.298,0.069,0.012,0.033,0.0,0.0,0.415,0.069,0.415,0.037,0.415,0.114,0.415,0.0,0.415,0.085,0.415,0.033,0.415,0.033,0.415,0.069,0.298,0.241,0.349
58		9		tmn		dont rinse bird. myth dispel 		0.168,0.122,0.111,0.122,0.111,0.122,0.111,0.122,0.008,0.122,0.089,0.122,0.374,0.122,0.073,0.122,0.011,0.122,0.328,0.122,0.174,0.084,0.158,0.122,0.081,0.122,0.308,0.122,0.308,0.122,0.308,0.216,0.0,0.216,0.19,0.04,0.19,0.04,0.192,0.04,0.19,0.04,0.19,0.122,0.19,0.084,0.19,0.084,0.328,0.084,0.328,0.084,0.328,0.084,0.046,0.084,0.217,0.084,1.0,0.237,1.0,0.237,1.0,0.387,1.0,0.387,1.0,0.387,0.065,0.237,0.107,0.237,0.19,0.237,0.035,0.237,0.041,0.08,0.041,0.029,0.041,0.122,0.041,0.122,0.011,0.122,0.195,0.122,0.0,0.122,0.064,0.122,0.041,0.122,0.041,0.122,0.041,0.122,0.04,0.238
59		9		user		diagnosing spinal facet instability		0.051,0.279,0.043,0.279,0.054,0.279,0.054,0.279,0.054,0.279,0.086,0.279,0.054,0.279,0.116,0.279,0.116,0.279,0.253,0.279,0.088,1.0,0.172,0.279,0.043,0.279,0.177,0.279,0.177,0.279,0.166,0.417,0.0,0.417,0.256,0.137,0.256,0.137,0.229,0.137,0.256,0.137,0.256,0.449,0.256,1.0,0.256,1.0,0.253,1.0,0.253,1.0,0.253,1.0,0.027,1.0,0.15,1.0,0.237,1.0,0.113,1.0,0.035,1.0,0.237,1.0,0.237,1.0,0.013,1.0,0.024,1.0,0.256,1.0,0.008,1.0,0.023,0.012,0.008,0.068,0.0,0.415,0.023,0.415,0.037,0.415,0.114,0.415,0.0,0.415,0.023,0.415,0.008,0.415,0.008,0.415,0.023,0.279,0.214,0.349
60		9		tmn		dont rinse bird. dispel holidays. 		0.092,0.062,0.111,0.062,0.111,0.062,0.111,0.062,0.008,0.062,0.089,0.062,0.143,0.062,0.042,0.062,0.003,0.062,0.219,0.062,0.174,0.065,0.158,0.062,0.024,0.062,0.308,0.062,0.308,0.062,0.308,0.216,0.0,0.216,0.122,0.04,0.122,0.04,0.192,0.04,0.169,0.04,0.122,0.062,0.122,0.065,0.122,0.065,0.219,0.065,0.219,0.065,0.219,0.065,0.046,0.065,0.085,0.065,1.0,0.113,1.0,0.113,1.0,0.387,1.0,0.387,1.0,0.387,0.065,0.113,0.107,0.113,0.122,0.113,0.035,0.113,0.041,0.08,0.041,0.029,0.041,0.062,0.041,0.062,0.011,0.062,0.075,0.062,0.0,0.062,0.047,0.062,0.041,0.062,0.041,0.062,0.041,0.097,0.04,0.085
61		9		user		diagnosing spinal facet instability		0.051,0.279,0.043,0.279,0.054,0.279,0.054,0.279,0.054,0.279,0.086,0.279,0.054,0.279,0.116,0.279,0.116,0.279,0.253,0.279,0.088,1.0,0.172,0.279,0.043,0.279,0.177,0.279,0.177,0.279,0.166,0.417,0.0,0.417,0.256,0.137,0.256,0.137,0.229,0.137,0.256,0.137,0.256,0.449,0.256,1.0,0.256,1.0,0.253,1.0,0.253,1.0,0.253,1.0,0.027,1.0,0.15,1.0,0.237,1.0,0.113,1.0,0.035,1.0,0.237,1.0,0.237,1.0,0.013,1.0,0.024,1.0,0.256,1.0,0.008,1.0,0.023,0.012,0.008,0.068,0.0,0.415,0.023,0.415,0.037,0.415,0.114,0.415,0.0,0.415,0.023,0.415,0.008,0.415,0.008,0.415,0.023,0.279,0.214,0.349
62		9		tmn		dont rinse bird. before holidays.		0.14,0.172,0.111,0.172,0.111,0.172,0.111,0.172,0.04,0.172,0.024,0.172,0.059,0.172,0.042,0.172,0.059,0.172,0.191,0.172,0.844,0.035,0.844,0.172,0.024,0.172,0.308,0.172,0.308,0.172,0.308,0.18,0.0,0.18,0.18,0.266,0.18,0.266,0.041,0.266,0.237,0.266,0.18,0.266,0.382,0.266,0.382,0.266,0.191,0.266,0.191,0.266,0.191,0.266,0.046,0.266,0.029,0.266,1.0,0.035,1.0,0.035,1.0,0.387,1.0,0.387,0.051,0.387,0.065,0.172,0.107,0.172,0.18,0.172,0.037,0.172,0.041,0.08,0.041,0.069,0.041,0.172,0.041,0.172,0.0,0.172,0.117,0.172,0.0,0.172,0.041,0.172,0.041,0.172,0.041,0.172,0.041,0.172,0.145,0.172
63		9		user		give me some exercises for spinal facet pain		0.311,0.373,0.185,0.373,0.185,0.373,0.185,0.373,0.064,0.373,0.161,0.373,0.213,0.373,0.192,0.373,0.192,0.373,0.386,0.373,0.371,1.0,0.307,0.373,0.043,0.373,0.63,0.373,0.63,0.373,0.63,0.512,0.0,0.512,0.512,1.0,0.512,1.0,0.391,1.0,0.512,1.0,0.512,1.0,0.512,1.0,0.512,1.0,0.386,1.0,0.386,1.0,0.386,1.0,0.054,1.0,0.265,1.0,0.387,1.0,0.387,1.0,0.387,1.0,0.287,1.0,0.287,1.0,0.224,1.0,0.05,1.0,0.512,1.0,0.127,1.0,0.127,0.124,0.127,0.09,0.107,0.415,0.127,0.415,0.161,0.415,0.179,0.415,0.0,0.415,0.146,0.415,0.127,0.415,0.127,0.415,0.127,0.373,0.241,0.401
64		9		tmn		rinse myth dispel before		0.168,0.172,0.04,0.172,0.033,0.172,0.033,0.172,0.04,0.172,0.089,0.172,0.374,0.172,0.073,0.172,0.059,0.172,0.328,0.172,0.844,0.084,0.844,0.172,0.081,0.172,0.278,0.172,0.278,0.172,0.154,0.216,0.0,0.216,0.19,0.266,0.19,0.266,0.192,0.266,0.237,0.266,0.19,0.266,0.382,0.266,0.382,0.266,0.328,0.266,0.328,0.266,0.328,0.266,0.015,0.266,0.217,0.266,1.0,0.237,1.0,0.237,1.0,0.287,1.0,0.287,1.0,0.287,0.062,0.237,0.0,0.237,0.19,0.237,0.037,0.237,0.005,0.0,0.037,0.069,0.037,0.172,0.005,0.172,0.011,0.172,0.195,0.172,0.0,0.172,0.064,0.172,0.037,0.172,0.005,0.172,0.005,0.172,0.145,0.238
65		9		user		give me some exercises for spinal facet pain		0.311,0.373,0.185,0.373,0.185,0.373,0.185,0.373,0.064,0.373,0.161,0.373,0.213,0.373,0.192,0.373,0.192,0.373,0.386,0.373,0.371,1.0,0.307,0.373,0.043,0.373,0.63,0.373,0.63,0.373,0.63,0.512,0.0,0.512,0.512,1.0,0.512,1.0,0.391,1.0,0.512,1.0,0.512,1.0,0.512,1.0,0.512,1.0,0.386,1.0,0.386,1.0,0.386,1.0,0.054,1.0,0.265,1.0,0.387,1.0,0.387,1.0,0.387,1.0,0.287,1.0,0.287,1.0,0.224,1.0,0.05,1.0,0.512,1.0,0.127,1.0,0.127,0.124,0.127,0.09,0.107,0.415,0.127,0.415,0.161,0.415,0.179,0.415,0.0,0.415,0.146,0.415,0.127,0.415,0.127,0.415,0.127,0.373,0.241,0.401
66		9		tmn		rinse bird. myth dispel holidays. 		0.168,0.122,0.0,0.122,0.004,0.122,0.004,0.122,0.004,0.122,0.089,0.122,0.374,0.122,0.073,0.122,0.011,0.122,0.328,0.122,0.174,0.084,0.114,0.122,0.081,0.122,0.278,0.122,0.278,0.122,0.154,0.216,0.0,0.216,0.19,0.032,0.19,0.032,0.192,0.032,0.19,0.032,0.19,0.122,0.19,0.084,0.19,0.084,0.328,0.084,0.328,0.084,0.328,0.084,0.0,0.084,0.217,0.084,1.0,0.237,1.0,0.237,0.051,0.287,1.0,0.287,1.0,0.287,0.062,0.237,0.0,0.237,0.19,0.237,0.005,0.237,0.005,0.0,0.005,0.0,0.0,0.122,0.005,0.122,0.011,0.122,0.195,0.122,0.0,0.122,0.064,0.122,0.005,0.122,0.005,0.122,0.005,0.122,0.04,0.238
67		9		user		give me some exercises for spinal facet pain		0.311,0.373,0.185,0.373,0.185,0.373,0.185,0.373,0.064,0.373,0.161,0.373,0.213,0.373,0.192,0.373,0.192,0.373,0.386,0.373,0.371,1.0,0.307,0.373,0.043,0.373,0.63,0.373,0.63,0.373,0.63,0.512,0.0,0.512,0.512,1.0,0.512,1.0,0.391,1.0,0.512,1.0,0.512,1.0,0.512,1.0,0.512,1.0,0.386,1.0,0.386,1.0,0.386,1.0,0.054,1.0,0.265,1.0,0.387,1.0,0.387,1.0,0.387,1.0,0.287,1.0,0.287,1.0,0.224,1.0,0.05,1.0,0.512,1.0,0.127,1.0,0.127,0.124,0.127,0.09,0.107,0.415,0.127,0.415,0.161,0.415,0.179,0.415,0.0,0.415,0.146,0.415,0.127,0.415,0.127,0.415,0.127,0.373,0.241,0.401
72		9		tmn		tech were media using the effects		0.108,0.452,0.104,0.452,0.188,0.452,0.151,0.452,0.151,0.452,0.344,0.452,0.147,0.452,0.337,0.452,0.147,0.452,0.187,0.452,0.294,0.073,0.199,0.452,0.083,0.452,0.082,0.452,0.082,0.452,0.082,1.0,0.0,1.0,1.0,0.39,1.0,0.39,1.0,0.39,1.0,0.39,1.0,0.452,1.0,0.268,1.0,0.268,0.187,0.268,0.187,0.268,0.187,0.268,0.118,0.268,0.081,0.268,0.19,0.256,0.122,0.256,0.18,0.512,0.19,0.512,0.19,0.512,0.098,0.452,1.0,0.452,1.0,0.452,0.288,0.452,0.171,0.073,0.144,0.0,0.127,0.452,0.171,0.452,0.075,0.452,0.108,0.452,0.0,0.452,0.367,0.452,0.164,0.452,0.164,0.452,0.171,0.452,0.39,0.452
79		9		user		dr.katherine salvo		0.149,0.0,0.009,0.0,0.009,0.0,0.009,0.0,0.009,0.0,0.0,0.0,0.037,0.0,0.062,0.0,0.062,0.0,0.029,0.0,0.096,0.0,0.096,0.0,0.0,0.0,0.026,0.0,0.026,0.0,0.026,0.11,0.0,0.11,0.0,0.0,0.0,0.0,0.0,0.0,0.035,0.0,0.0,0.0,0.0,0.0,0.0,0.0,0.029,0.0,0.004,0.0,0.004,0.0,0.031,0.0,0.0,0.0,0.029,0.068,0.029,0.068,0.069,0.09,0.069,0.09,0.0,0.09,0.024,0.068,0.0,0.068,0.0,0.068,0.017,0.068,0.017,0.012,0.017,1.0,0.0,0.11,0.017,0.11,0.0,0.11,0.02,0.11,0.0,0.11,0.0,0.11,0.017,0.11,0.017,0.11,0.017,0.107,0.034,0.009
81		9		user		dr.bogduk and spine		0.11,1.0,0.031,1.0,0.013,1.0,0.013,1.0,0.031,1.0,0.114,1.0,0.079,1.0,0.09,1.0,0.09,1.0,0.344,1.0,0.294,0.415,0.404,1.0,0.116,1.0,0.467,1.0,0.467,1.0,0.467,1.0,0.0,1.0,0.452,0.298,0.452,0.298,0.293,0.298,0.452,0.298,0.452,1.0,0.452,0.415,0.452,0.415,0.344,0.415,0.344,0.415,0.344,0.415,0.071,0.415,0.058,0.415,0.122,0.415,0.062,0.415,0.172,0.415,0.172,0.415,0.122,0.415,0.009,1.0,0.0,1.0,0.452,1.0,0.015,1.0,0.015,0.011,0.015,0.11,0.0,1.0,0.015,1.0,0.0,1.0,0.214,1.0,0.0,1.0,0.052,1.0,0.015,1.0,0.015,1.0,0.015,1.0,0.281,1.0
83		9		user		dr.bogduk and spine		0.11,1.0,0.031,1.0,0.013,1.0,0.013,1.0,0.031,1.0,0.114,1.0,0.079,1.0,0.09,1.0,0.09,1.0,0.344,1.0,0.294,0.415,0.404,1.0,0.116,1.0,0.467,1.0,0.467,1.0,0.467,1.0,0.0,1.0,0.452,0.298,0.452,0.298,0.293,0.298,0.452,0.298,0.452,1.0,0.452,0.415,0.452,0.415,0.344,0.415,0.344,0.415,0.344,0.415,0.071,0.415,0.058,0.415,0.122,0.415,0.062,0.415,0.172,0.415,0.172,0.415,0.122,0.415,0.009,1.0,0.0,1.0,0.452,1.0,0.015,1.0,0.015,0.011,0.015,0.11,0.0,1.0,0.015,1.0,0.0,1.0,0.214,1.0,0.0,1.0,0.052,1.0,0.015,1.0,0.015,1.0,0.015,1.0,0.281,1.0
85		9		user		dr.bogduk and spine		0.11,1.0,0.031,1.0,0.013,1.0,0.013,1.0,0.031,1.0,0.114,1.0,0.079,1.0,0.09,1.0,0.09,1.0,0.344,1.0,0.294,0.415,0.404,1.0,0.116,1.0,0.467,1.0,0.467,1.0,0.467,1.0,0.0,1.0,0.452,0.298,0.452,0.298,0.293,0.298,0.452,0.298,0.452,1.0,0.452,0.415,0.452,0.415,0.344,0.415,0.344,0.415,0.344,0.415,0.071,0.415,0.058,0.415,0.122,0.415,0.062,0.415,0.172,0.415,0.172,0.415,0.122,0.415,0.009,1.0,0.0,1.0,0.452,1.0,0.015,1.0,0.015,0.011,0.015,0.11,0.0,1.0,0.015,1.0,0.0,1.0,0.214,1.0,0.0,1.0,0.052,1.0,0.015,1.0,0.015,1.0,0.015,1.0,0.281,1.0
86		9		tmn		einstein horse		0.403,0.133,0.096,0.133,0.102,0.133,0.096,0.133,0.046,0.133,0.071,0.133,0.194,0.133,0.057,0.133,0.05,0.133,0.184,0.133,0.167,0.114,0.14,0.133,0.14,0.133,0.336,0.133,0.336,0.133,0.336,0.214,0.0,0.214,0.108,0.064,0.108,0.064,0.108,0.064,0.108,0.064,0.108,0.154,0.23,0.114,0.108,0.114,0.184,0.114,0.184,0.114,0.184,0.114,0.0,0.114,0.159,0.114,0.195,0.114,0.075,0.114,0.117,0.179,0.195,0.179,0.195,0.179,0.073,0.133,0.0,0.133,0.108,0.133,0.193,0.133,0.193,0.089,0.193,0.02,0.084,0.214,0.193,0.214,0.015,0.214,1.0,0.214,0.0,0.214,0.134,0.214,0.193,0.214,0.193,0.214,0.193,0.268,0.043,0.296
87		9		user		dr.bogduk and spine		0.11,1.0,0.031,1.0,0.013,1.0,0.013,1.0,0.031,1.0,0.114,1.0,0.079,1.0,0.09,1.0,0.09,1.0,0.344,1.0,0.294,0.415,0.404,1.0,0.116,1.0,0.467,1.0,0.467,1.0,0.467,1.0,0.0,1.0,0.452,0.298,0.452,0.298,0.293,0.298,0.452,0.298,0.452,1.0,0.452,0.415,0.452,0.415,0.344,0.415,0.344,0.415,0.344,0.415,0.071,0.415,0.058,0.415,0.122,0.415,0.062,0.415,0.172,0.415,0.172,0.415,0.122,0.415,0.009,1.0,0.0,1.0,0.452,1.0,0.015,1.0,0.015,0.011,0.015,0.11,0.0,1.0,0.015,1.0,0.0,1.0,0.214,1.0,0.0,1.0,0.052,1.0,0.015,1.0,0.015,1.0,0.015,1.0,0.281,1.0
89		9		user		dr.bogduk and spine		0.11,1.0,0.031,1.0,0.013,1.0,0.013,1.0,0.031,1.0,0.114,1.0,0.079,1.0,0.09,1.0,0.09,1.0,0.344,1.0,0.294,0.415,0.404,1.0,0.116,1.0,0.467,1.0,0.467,1.0,0.467,1.0,0.0,1.0,0.452,0.298,0.452,0.298,0.293,0.298,0.452,0.298,0.452,1.0,0.452,0.415,0.452,0.415,0.344,0.415,0.344,0.415,0.344,0.415,0.071,0.415,0.058,0.415,0.122,0.415,0.062,0.415,0.172,0.415,0.172,0.415,0.122,0.415,0.009,1.0,0.0,1.0,0.452,1.0,0.015,1.0,0.015,0.011,0.015,0.11,0.0,1.0,0.015,1.0,0.0,1.0,0.214,1.0,0.0,1.0,0.052,1.0,0.015,1.0,0.015,1.0,0.015,1.0,0.281,1.0
91		9		user		dr.bogduk and spine		0.11,1.0,0.031,1.0,0.013,1.0,0.013,1.0,0.031,1.0,0.114,1.0,0.079,1.0,0.09,1.0,0.09,1.0,0.344,1.0,0.294,0.415,0.404,1.0,0.116,1.0,0.467,1.0,0.467,1.0,0.467,1.0,0.0,1.0,0.452,0.298,0.452,0.298,0.293,0.298,0.452,0.298,0.452,1.0,0.452,0.415,0.452,0.415,0.344,0.415,0.344,0.415,0.344,0.415,0.071,0.415,0.058,0.415,0.122,0.415,0.062,0.415,0.172,0.415,0.172,0.415,0.122,0.415,0.009,1.0,0.0,1.0,0.452,1.0,0.015,1.0,0.015,0.011,0.015,0.11,0.0,1.0,0.015,1.0,0.0,1.0,0.214,1.0,0.0,1.0,0.052,1.0,0.015,1.0,0.015,1.0,0.015,1.0,0.281,1.0
93		9		user		dr.bogduk and spine		0.11,1.0,0.031,1.0,0.013,1.0,0.013,1.0,0.031,1.0,0.114,1.0,0.079,1.0,0.09,1.0,0.09,1.0,0.344,1.0,0.294,0.415,0.404,1.0,0.116,1.0,0.467,1.0,0.467,1.0,0.467,1.0,0.0,1.0,0.452,0.298,0.452,0.298,0.293,0.298,0.452,0.298,0.452,1.0,0.452,0.415,0.452,0.415,0.344,0.415,0.344,0.415,0.344,0.415,0.071,0.415,0.058,0.415,0.122,0.415,0.062,0.415,0.172,0.415,0.172,0.415,0.122,0.415,0.009,1.0,0.0,1.0,0.452,1.0,0.015,1.0,0.015,0.011,0.015,0.11,0.0,1.0,0.015,1.0,0.0,1.0,0.214,1.0,0.0,1.0,0.052,1.0,0.015,1.0,0.015,1.0,0.015,1.0,0.281,1.0
95		9		user		dr.bogduk and spine		0.11,1.0,0.031,1.0,0.013,1.0,0.013,1.0,0.031,1.0,0.114,1.0,0.079,1.0,0.09,1.0,0.09,1.0,0.344,1.0,0.294,0.415,0.404,1.0,0.116,1.0,0.467,1.0,0.467,1.0,0.467,1.0,0.0,1.0,0.452,0.298,0.452,0.298,0.293,0.298,0.452,0.298,0.452,1.0,0.452,0.415,0.452,0.415,0.344,0.415,0.344,0.415,0.344,0.415,0.071,0.415,0.058,0.415,0.122,0.415,0.062,0.415,0.172,0.415,0.172,0.415,0.122,0.415,0.009,1.0,0.0,1.0,0.452,1.0,0.015,1.0,0.015,0.011,0.015,0.11,0.0,1.0,0.015,1.0,0.0,1.0,0.214,1.0,0.0,1.0,0.052,1.0,0.015,1.0,0.015,1.0,0.015,1.0,0.281,1.0
99		9		user		bone and joint institute		0.206,1.0,0.106,1.0,0.163,1.0,0.163,1.0,0.163,1.0,0.115,1.0,0.124,1.0,0.142,1.0,0.142,1.0,0.344,1.0,0.294,0.349,0.404,1.0,0.194,1.0,0.441,1.0,0.441,1.0,0.441,1.0,0.0,1.0,0.452,0.298,0.452,0.298,0.293,0.298,0.452,0.298,0.452,1.0,0.452,0.349,0.452,0.349,0.344,0.349,0.344,0.349,0.344,0.349,0.128,0.349,0.219,0.349,0.238,0.349,0.085,0.349,0.172,0.401,0.238,0.401,0.238,0.401,0.115,1.0,0.156,1.0,0.452,1.0,0.085,1.0,0.054,0.079,0.061,0.009,0.061,1.0,0.054,1.0,0.047,1.0,0.296,1.0,0.0,1.0,0.054,1.0,0.061,1.0,0.023,1.0,0.054,1.0,0.281,1.0
